19.6826,
88.991,
26.7399,
86.0787,
89.7623,
96.0423,
8.18924,
8.13945,
8.17671,
87.9184,
8.09315,
8.11419,
8.12176,
8.11368,
8.09948,
8.10651,
8.10278,
8.09914,
8.10156,
8.10095,
8.10001,
8.10031,
8.09831,
8.0981,
8.10057,
8.1003,
8.09707,
8.10066,
8.1017,
8.10025,
8.09781,
8.09634,
8.09892,
8.0987,
8.10021,
8.10021,
8.1002,
8.10008,
8.1002,
8.0991,
8.09964,
8.09996,
8.10043,
8.09913,
8.10001,
8.09987,
8.10044,
8.10013,
8.09981,
8.09962,
8.10057,
8.09981,
8.10018,
8.09971,
8.10015,
8.10001,
8.10046,
8.10015,
8.14513,
8.13943,
8.15396,
8.15227,
8.17559,
8.17276,
8.1635,
8.17864,
8.18182,
8.17448,
8.17364,
8.15709,
8.15919,
8.16353,
8.16772,
8.15841,
8.15478,
8.16927,
8.18316,
8.19056,
8.19666,
8.35717,
8.20723,
8.20795,
8.20401,
8.20736,
8.20723,
8.23635,
8.35638,
8.35727,
8.3572,
8.35554,
8.35755,
8.35957,
8.35691,
8.35561,
8.35633,
8.35791,
8.35686,
8.35717,
