0.881076,
0.99121,
1.54188,
1.65202,
1.76215,
1.87229,
1.98242,
2.09255,
2.20269,
2.31282,
2.42296,
2.53309,
2.64323,
2.75336,
2.8635,
2.97363,
3.08377,
3.1939,
3.30403,
3.41417,
3.5243,
3.63444,
3.74457,
3.85471,
3.96484,
4.07498,
4.18511,
4.29524,
4.40538,
4.51551,
4.62565,
4.73578,
4.84592,
4.95605,
5.06619,
5.17632,
5.28645,
5.39659,
5.50672,
5.61686,
5.72699,
5.83713,
5.94726,
6.0574,
6.16753,
6.27766,
6.3878,
6.49793,
6.60807,
6.7182,
6.82834,
6.93847,
7.04861,
7.15874,
7.26887,
7.37901,
7.48914,
7.59928,
7.70941,
7.81955,
7.92968,
8.03982,
8.14995,
8.26008,
8.37022,
8.48035,
8.59049,
8.70062,
8.81076,
8.92089,
9.03103,
9.14116,
9.2513,
9.36143,
9.47156,
9.5817,
9.69183,
9.80197,
9.9121,
10.0222,
10.1324,
10.2425,
10.3526,
10.4628,
10.5729,
10.683,
10.7932,
