8.10454,
8.10438,
8.10358,
8.10342,
8.10326,
8.1031,
8.10294,
8.10278,
8.10262,
8.10246,
8.1023,
8.10214,
8.10198,
8.10182,
8.10166,
8.1015,
8.10134,
8.10118,
8.10102,
8.10086,
8.1007,
8.10054,
8.10038,
8.10022,
8.10006,
8.0999,
8.09974,
8.09958,
8.09942,
8.09926,
8.0991,
8.09894,
8.09878,
8.09862,
8.09846,
8.0983,
8.09814,
8.09798,
8.09782,
8.09766,
8.0975,
8.09734,
8.09718,
8.09702,
8.09686,
8.0967,
8.09654,
8.09637,
8.09621,
8.09605,
8.09589,
8.09573,
8.09557,
8.09541,
8.09525,
8.09509,
8.09493,
8.09477,
8.09461,
8.09445,
8.09429,
8.09413,
8.09397,
8.09381,
8.09365,
8.09349,
8.09333,
8.09317,
8.09301,
8.09285,
8.09269,
8.09253,
8.09237,
8.09221,
8.09205,
8.09189,
8.09173,
8.09157,
8.09141,
8.09125,
8.09109,
8.09093,
8.09077,
8.09061,
8.09045,
8.09029,
8.09013,
